12
0,29,0,46,68,52,0,0,51,0,29,4
29,0,0,46,42,0,43,0,0,31,0,51
0,0,0,68,46,55,0,43,41,0,79,0
46,46,68,0,0,15,0,31,0,0,21,0
68,42,46,0,0,0,23,52,21,0,0,58
52,0,55,15,0,0,61,23,0,31,33,0
0,43,0,0,23,61,0,42,23,0,0,37
0,0,43,31,52,23,42,0,33,15,0,0
51,0,41,0,21,0,23,33,0,29,0,46
0,31,0,0,0,31,0,15,29,0,51,0
29,0,79,21,0,33,0,0,0,51,0,6
4,51,0,0,58,0,37,0,46,0,6,0
1
8
R:68